r2 = [1.217
 1.109
 1.118
 1.159
 1.270
 1.594
 1.791
 1.756
 1.897
 1.934
 2.148
 2.277
 1.856
 2.050
 2.225
 2.140
 2.227
 2.232
 1.996
 1.907
 1.790
 1.713
 1.747
 1.863
 1.605
 1.763
 1.550
 1.584
 1.436
 1.517
 1.617
 1.221
 1.196
 0.989
 1.024
 0.917
 0.844
 0.790
 1.030
 1.045
 1.106
 1.326
 1.499
 1.137
 1.066
 1.135
 1.070
 0.989
 0.922
 0.934
 0.971
 1.143
 1.019
 1.089
 1.174
 1.155
 1.060
 1.096
 1.202
 1.212
 1.238
 1.240
 1.271
 1.243
 1.062
 0.881
 1.006
 0.946
 0.960
 0.923
 1.027
 1.175
 1.094
 1.245
 0.990
 0.942
 1.074
 0.932
 0.986
 0.841
 1.155
 0.665
 0.873
 0.951
 1.131
 1.125
 1.218
 1.256
 0.959
 0.936
 0.927
 1.188
 0.973
 0.652
 0.837
 0.748
 0.736
 0.843
 0.656
 0.977
 0.808
 0.933
 0.958
 1.217
 1.265
 1.630
 1.242
 1.209
 1.414
 1.153
 1.181
 1.120
 0.860
 0.994
 1.170
 0.975
 1.259
 1.127
 0.995
 1.378
 1.278
 0.814
 0.873
 1.253
 1.001
 0.751
 0.915
 1.196
 1.160
 1.013
 1.295
 0.926
 0.704
 0.897
 0.912
 1.007
 0.992
 1.267
 1.182
 0.825
 0.818
 0.915
 0.859
 1.130
 1.004
 1.514
 0.983
 0.774
 0.919
 0.791
 1.143
 1.226
 1.360
 0.972
 1.119
 1.028
 1.069
 0.863
 0.915
 0.995
 1.207
 1.101
 1.045
 0.926
 0.916
 1.045
 0.976
 0.934
 1.027
 0.868
 0.973
 1.074
 0.940
 0.916
 1.064
 1.032
 0.878
 0.892
 1.053
 1.286
 1.478
 1.024
 0.906
 0.804
 1.094
 0.935
 1.110
 1.560
 1.408
 0.964
 1.194
 0.890
 0.594
 0.728
 0.841
 0.974
 0.998
 0.957
 0.976
 0.976
 1.151
 0.995
 1.018
 1.201
 1.441
 1.036
 0.904
 0.832
 0.791
 0.810
 0.658
 0.857
 1.049
 0.945
 1.129
 1.243
 1.481
 1.063
 0.766
 0.861
 0.989
 1.157
 1.185
 1.099
 1.055
 1.032
 0.982
 0.912
 1.125
 0.886
 1.107
 0.766
 1.006
 1.007
 0.722
 0.966
 1.110
 1.043
 1.078
 0.735
 0.916
 1.168
 1.155
 0.775
 0.824
 0.775
 0.883
 0.865
 0.703
 0.709
 1.152
 0.995
 1.015
 0.996
 1.109
 0.948
 1.190
 1.238
 1.394
 0.664
 0.970
 0.959
 0.737
 0.915
 0.766
 0.770
 0.920
 1.071
 1.034
 0.838
 0.859
 0.877
 1.084
 1.335
 1.222
 0.716
 1.028
 0.902
 0.882
 0.794
 0.909
 0.916
 0.891
 0.809
 0.920
 1.060
 1.123
 0.876
 0.763
 0.783
 0.877
 1.083
 1.143
 1.111
 0.984
 0.785
 1.056
 1.026
 1.322
 1.087
 0.883
 0.846
 0.668
 0.690
 0.956
 0.911
 1.153
 1.067
 0.980
 0.850
 0.786
 1.116
 0.828
 1.253
 1.138
 1.407
 0.892
 1.034
 1.335
 0.934
 0.751
 0.797
 1.035
 0.978
 1.076
 0.835
 0.855
 0.904
 0.996
 0.905
 0.922
 0.999
 1.195
 1.006
 0.989
 0.774
 0.733
 1.010
 1.222
 1.006
 0.671
 0.801
 0.922
 0.786
 0.912
 0.932
 0.914
 1.096
 0.960
 0.880
 1.096
 1.316
 1.008
 1.038
 0.915
 0.837
 0.932
 0.723
 0.710
 0.933
 1.073
 1.243
 0.949
 0.800
 0.911
 0.939
 0.895
 0.962
 0.798
 0.788
 1.101
 1.048
 1.037
 1.033
 0.818
 0.689
 0.722
 0.705
 0.941
 0.885
 0.836
 1.311
 1.102
 1.064
 0.859
 1.110
 0.836
 0.924
 0.984
 1.085
 0.995
 0.958
 1.030
 0.898
 0.710
 0.948
 1.064
 0.834
 0.946
 0.916
 0.810
 0.902
 0.822
 1.103
 1.021
 1.234
 0.744
 0.863
 1.007
 0.747
 0.730
 0.879
 0.859
 0.888
 1.000
 0.765
 1.148
 1.146
 1.098
 0.966
 1.052
 0.750
 0.744
 0.910
 1.020
 0.796
 1.141
 0.663
 0.934
 0.791
 0.876
 0.922
 0.861
 1.041
 0.945
 0.799
 0.792
 0.837
 0.843
 0.654
 0.846
 0.838
 1.022
 0.997
 0.927
 0.910
 0.725
 0.740
 0.811
 0.835
 1.002
 0.780
 0.698
 0.966
 0.906
 0.816
 1.485
 1.519
 0.853
 0.860
 0.746
 0.762
 1.072
 0.704
 0.731
 0.946
 1.003
 0.628
 0.995
 1.406
 1.273
 0.881
 0.858
 0.831
 0.978
 0.814
 0.828
 1.114
 0.928
 0.688
 0.866
 1.005
 0.873
 0.997
 0.807
 0.823
 0.856
 0.732
 0.893
 0.837
 0.990
 0.924
 0.794
 0.943
 1.146
 0.869
 0.745
 0.611
 0.743
 0.767
 0.663
 1.184
 1.442
 1.163
 0.887
 0.949
 0.947
 1.021
 0.771
 0.805
 0.824
 0.785
 1.005
 0.811
 0.961
 0.922
 0.867
 0.721
 0.797
 0.898
 1.058
 1.181
 1.265
 0.849
 1.014
 0.891
 0.732
 0.981
 0.840
 1.460
 1.679
 1.136
 1.204
 1.173
 0.799
 0.615
 1.011
 0.758
 1.704
 0.994
 0.737
 0.731
 1.091
 1.066
 0.959
 0.822
 0.957
 0.809
 0.867
 1.001
 0.927
 0.866
 0.910
 0.981
 1.220
 0.993
 1.085
 0.869
 1.128
 1.256
 1.391
 1.259
 0.919
 1.289
 1.050
 0.856
 1.000
 1.136
 1.024
 0.721
 0.937
 0.808
 0.659
 0.979
 1.051
 1.297
 1.103
 0.943
 0.850
 0.833
 1.018
 0.826
 0.747
 0.701
 1.125
 1.392
 1.019
 1.081
 0.904
 1.042
 1.159
 1.047
 1.006
 1.036
 0.802
 0.801
 0.825
 0.913
 0.967
 0.985
 0.908
 0.952
 0.731
 0.703
 0.884
 0.831
 0.998
 1.082
 0.936
 0.784
 1.230
 1.363
 1.109
 0.890
 1.001
 0.842
 0.900
 0.882
 0.914
 0.945
 1.202
 1.020
 1.496
 1.389
 0.954
 1.026
 0.876
 0.827
 0.806
 0.908
 1.165
 0.935
 0.849
 0.858
 0.933
 0.758
 1.032
 1.116
 1.189
 1.173
 1.489
 1.221
 1.083
 0.737
 0.824
 0.950
 1.069
 1.109
 0.935
 1.344
 0.788
 1.281
 0.930
 0.816
 0.909
 1.092
 0.988
 0.728
 1.009
 0.894
 0.982
 0.876
 0.997
 0.939
 0.887
 0.646
 0.516
 1.061
 1.183
 1.376
 1.567
 0.846
 0.747
 0.926
 0.846
 0.875
 0.741
 0.932
 0.903
 1.224
 0.854
 1.231
 0.963
 0.918
 0.893
 0.729
 0.958
 0.835
 1.022
 1.363
 1.367
 0.750
 0.850
 0.803
 1.122
 1.118
 0.980
 1.194
 1.195
 0.988
 0.803
 1.040
 0.970
 1.191
 1.153
 1.521
 1.222
 0.948
 1.107
 0.738
 0.966
 1.062
 1.157
 0.804
 0.638
 0.767
 1.168
 0.896
 1.063
 0.890
 0.845
 0.620
 0.860
 0.695
 0.862
 0.748
 0.692
 1.138
 0.909
 1.089
 1.064
 1.224
 0.991
 1.039
 1.268
 1.013
 0.634
 0.863
 1.003
 0.937
 1.102
 0.884
 1.096
 1.282
 1.085
 1.164
 0.991
 1.219
 0.858
 0.733
 0.827
 0.845
 0.835
 0.889
 1.066
 1.296
 1.182
 0.984
 0.881
 0.718
 0.660
 0.953
 1.090
 0.944
 1.204
 0.994
 1.196
 1.430
 1.184
 0.901
 0.760
 0.721
 0.745
 0.853
 0.891
 0.870
 1.118
 0.874
 0.957
 0.945
 0.861
 1.001
 1.185
 0.700
 1.087
 1.051
 0.942
 1.075
 0.895
 1.243
 0.924
 0.730
 0.854
 1.135
 1.176
 1.046
 0.835
 1.105
 0.923
 0.738
 0.925
 0.861
 0.990
 0.913
 0.960
 0.906
 0.983
 0.661
 0.674
 0.976
 0.958
 0.848
 0.996
 1.062
 1.073
 1.208
 1.123
 1.074
 0.945
 0.960
 0.926
 0.746
 0.758
 0.985
 1.871
 1.384
 1.151
 1.075
 1.035
 1.064
 1.228
 1.231
 1.485
 1.621
 1.089
 1.225
 0.684
 0.770
 0.936
 0.887
 0.648
 0.848
 0.909
 0.668
 1.208
 1.104
 0.948
 0.897
 0.889
 1.065
 0.950
 1.026
 0.878
 0.903
 0.742
 0.925
 0.981
 0.884
 1.245
 0.947
 0.999
 0.890
 0.995
 1.231
 1.135
 1.125
 0.861
 1.052
 0.918
 1.227
 0.898
 0.779
 0.849
 1.111
 0.887
 0.938
 1.056
 0.609
 1.013
 1.114
 0.933
 0.703
 0.682
 0.992
 0.857
 0.866
 1.070
 1.026
 1.049
 1.006
 1.339
 1.158
 1.352
 1.074
 0.796
 1.118
 1.155
 0.795
 0.946
 0.939
 0.814
 0.693
 0.909
 1.021
 1.028
 1.182
 0.986
 0.911
 0.902
 1.063
 1.171
 1.194
 1.124
 0.798
 1.307
 0.954
 1.105
 1.177
 1.239
 1.230
 0.892
 0.954
 0.851
 0.852
 1.193
 1.224
 1.092
 1.116
 0.919
 1.166
 1.385
 1.193
 0.804
 0.751
 0.970
 1.017
 1.080
 0.763
 1.069
 1.149
 0.988
 0.932
 0.845
 0.880
 1.097
 1.364
 1.024
 0.737
 0.848
 0.919
 0.938
 1.077
 0.859
 0.880
 0.741
 0.849
 0.959
 1.111
 1.283
 1.427
 1.392
 1.332
 1.031
 0.886
 0.990
 1.219
 1.539
 1.258
 1.075
 1.164
 1.112
 0.603
 0.903
 0.991
 0.842
 1.026
 1.040
 0.773
 1.046
 0.898
 1.085
 0.696
 0.723
 0.633
 0.822
 0.986
 1.005
 1.094
 0.940
 0.855
 1.003
 0.618
 0.717
 0.685
 0.699
 0.847
 0.974
 0.908
 1.133
 0.755
 1.027
 0.632
 0.767
 0.763
 1.049
 0.810
 0.850
 1.359
 1.384
 1.426
 0.916
 1.023
 0.960
 0.716
 0.761
 0.661
 1.131
 1.088
 0.958
 0.683
 0.685
 0.802
 0.931
 0.994
 0.943
 1.187
 0.871
 1.063
 0.992
 0.911
 1.023
 0.701
 0.574
 0.942
 0.617
 1.017
 0.532
 0.572
 0.775
 0.766
 0.938
 1.010
 1.104
 1.003
 0.877
 0.878
 1.210
 0.963
 0.804
 0.994
 0.860
 1.052
 1.416
 0.780
 0.999
 0.956
 0.647
 0.828
 1.510
 1.007
 1.176
 0.859
 0.789
 0.799
 0.891
 0.915
 0.845
 0.886
 0.804
 1.096
 1.058
 1.213
 0.967
 0.969
 0.971
 0.870
 1.012
 0.790
 1.008
 0.726
 0.815
 0.951
 1.068
 0.651
 0.837
 0.712
 0.906
 0.992
 1.296
 1.085
 1.589
 1.793
 1.194
 0.944
 1.129
 0.975
 0.663
 0.967
 0.970
 1.106
 0.999
 1.313
 0.971
 0.988
 0.907
 0.845
 0.988
 0.840
 0.804
 0.819
 0.991
 1.026
 1.193
 0.963
 0.946
 0.855
 0.767
 0.612
 0.619
 0.622
 0.936
 0.888
 0.881
 0.920
 1.138
 1.211
 0.872
 0.856
 0.982
 0.797
 1.144
 0.840
 1.091
 0.868
 0.849
 0.816
 1.072
 1.123
 1.264
 1.295
 1.119
 1.035
